3
Perovskite_orthorhombic (GSAS calculation, EOS from Mao et 
K0:      261.000      
K0P:       4.00000
SyMMETRY:  ORTHORHOMBIC
A:      4.77540      
B:      4.92917      
C:      6.89711
ALPHAT:     0.000000
  3.9261      3.    1.00    0.00    1.00
  3.4485     12.    0.00    0.00    2.00
  3.4298     30.    1.00    1.00    0.00
  3.0710     10.    1.00    1.00    1.00
  2.4646     23.    0.00    2.00    0.00
  2.4318    100.    1.00    1.00    2.00
  2.3877     20.    2.00    0.00    0.00
  2.3209      1.    0.00    2.00    1.00
  2.1901      4.    1.00    2.00    0.00
  2.1489      9.    2.00    1.00    0.00
  2.0874      9.    1.00    2.00    1.00
  2.0714     19.    1.00    0.00    3.00
  2.0516     15.    2.00    1.00    1.00
  2.0051      9.    0.00    2.00    2.00
  1.9631      5.    2.00    0.00    2.00
  1.9097     13.    1.00    1.00    3.00
  1.8488      8.    1.00    2.00    2.00
  1.8238      3.    2.00    1.00    2.00
  1.7242     25.    0.00    0.00    4.00
  1.7149     40.    2.00    2.00    0.00
  1.6811      4.    0.00    2.00    3.00
  1.6642      4.    2.00    2.00    1.00
  1.5857      3.    1.00    2.00    3.00
  1.5699      1.    2.00    1.00    3.00
  1.5537      6.    1.00    3.00    0.00
  1.5510      1.    3.00    0.00    1.00
  1.5405      3.    1.00    1.00    4.00
  1.5355      5.    2.00    2.00    2.00
  1.5157      8.    1.00    3.00    1.00
  1.5148      1.    3.00    1.00    0.00
  1.4795      3.    3.00    1.00    1.00
  1.4165      9.    1.00    3.00    2.00
  1.4128      8.    0.00    2.00    4.00
  1.3979      7.    2.00    0.00    4.00
  1.3869     19.    3.00    1.00    2.00