VERSION: 4
COMMENT: CsCl (JCPDS 5-0607, EOS from Campbell and Heinz, J Geophys. Res. 99, 11765, 1994)
K0:       17.01
K0P:       5.49000
SYMMETRY: CUBIC
A:      4.123
ALPHAT:      4.26E-5
DIHKL:   4.1230    100.    1.00    0.00    0.00
DIHKL:   2.9150    100.    1.00    1.00    0.00
DIHKL:   2.3800    100.    1.00    1.00    1.00
DIHKL:   2.0620    100.    2.00    0.00    0.00
DIHKL:   1.8440    100.    2.00    1.00    0.00
DIHKL:   1.6830    100.    2.00    1.00    1.00
DIHKL:   1.4580    100.    2.00    2.00    0.00
DIHKL:   1.3740    100.    3.00    0.00    0.00
DIHKL:   1.3040    100.    3.00    1.00    0.00
DIHKL:   1.2430    100.    3.00    1.00    1.00
DIHKL:   1.1900    100.    2.00    2.00    2.00
DIHKL:   1.1440    100.    3.00    2.00    0.00
DIHKL:   1.1020    100.    3.00    2.00    1.00
DIHKL:   1.0310    100.    4.00    0.00    0.00
DIHKL:   1.0000    100.    4.00    1.00    0.00
DIHKL:   0.9720    100.    4.00    1.00    1.00
DIHKL:   0.9460    100.    3.00    3.00    1.00
DIHKL:   0.9220    100.    4.00    2.00    0.00
