VERSION: 4
COMMENT: Boron Carbide
K0:       200.000
K0P:       1.0
SYMMETRY: HEXAGONAL
A:       5.6
C:       12.12
ALPHAT:      0.000000
DIHKL:   4.5026     75.    1.00    0.00    1.00
DIHKL:   4.0400     13.    0.00    0.00    3.00
DIHKL:   3.7865      5.    0.00    1.00    2.00
DIHKL:   2.8000     17.    1.00    1.00    0.00
DIHKL:   2.5697     99.    1.00    0.00    4.00
DIHKL:   2.3777     28.    0.00    2.00    1.00
DIHKL:   2.2513     28.    2.00    0.00    2.00
DIHKL:   2.1682     20.    0.00    1.00    5.00
DIHKL:   1.8932     22.    0.00    2.00    4.00
DIHKL:   1.8124    100.    2.00    1.00    1.00
DIHKL:   1.7143     26.    2.00    0.00    5.00
